x = -0.000354046	
0.00710862	
0.0133004	
y = 0.239032	
f_calls = 7
g_calls = 7
Exit flag: 0

Accuracy: 70	