x = -20.8411	
0.180811	
0.219887	
y = 0.0119929	
f_calls = 41148
g_calls = 41148
Exit flag: 0

Accuracy: 84	