x = 7.52685e-05	
0.00819995	
0.00953404	
y = 0.283416	
f_calls = 6
g_calls = 6
Exit flag: 0

Accuracy: 70	