x = 1.51113	
2.48553	
y = 0.00102348	
f_calls = 10005
Exit flag: 1
