x = 1.58129	
2.3086	
y = 0.0417655	
f_calls = 2835
Exit flag: 0
