x = 0.280952	
1.07059	
y = 4.48347e+16	
f_calls = 100005
Exit flag: -2
