x = 1.48957	
2.5106	
y = 0.00109436	
f_calls = 245
Exit flag: 0
